[NOTEINFO]
5
[NoteLoad1] 1
47
658.000000 1.367233
658.000000 4.924276
658.000000 10.159867
658.000000 12.710091
658.000000 13.179911
658.000000 15.478369
658.000000 18.248520
658.000000 19.185527
658.000000 20.847626
658.000000 22.575977
658.000000 24.774033
658.000000 26.082907
658.000000 27.619867
658.000000 29.019215
658.000000 30.791025
658.000000 31.502542
658.000000 32.559807
658.000000 37.024857
658.000000 39.472538
658.000000 40.395401
658.000000 42.174007
658.000000 44.492928
658.000000 47.392357
658.000000 48.315441
658.000000 53.080669
658.000000 53.801956
658.000000 54.120857
658.000000 57.728363
658.000000 61.604229
658.000000 62.460190
658.000000 63.963409
658.000000 64.540909
658.000000 65.329330
658.000000 68.701927
658.000000 70.463928
658.000000 70.967117
658.000000 71.420235
658.000000 73.920280
658.000000 74.490692
658.000000 75.826759
658.000000 77.527809
658.000000 78.913704
658.000000 79.406921
658.000000 81.789856
658.000000 82.947495
658.000000 84.826622
658.000000 86.488007
[NoteLoad2] 2
44
763.000000 2.627314
763.000000 6.686100
763.000000 10.595716
763.000000 12.944858
763.000000 15.914640
763.000000 18.616138
763.000000 19.371122
763.000000 21.686998
763.000000 22.777357
763.000000 25.361406
763.000000 26.367994
763.000000 27.854679
763.000000 29.572840
763.000000 30.175868
763.000000 32.374950
763.000000 34.727634
763.000000 36.485947
763.000000 37.241184
763.000000 39.875206
763.000000 40.730991
763.000000 42.325237
763.000000 43.110504
763.000000 47.744736
763.000000 48.499893
763.000000 52.432823
763.000000 53.136405
763.000000 54.221809
763.000000 58.835712
763.000000 61.090935
763.000000 62.694935
763.000000 63.299255
763.000000 65.899872
763.000000 68.013962
763.000000 69.121559
763.000000 70.782684
763.000000 72.158516
763.000000 73.081253
763.000000 75.766136
763.000000 76.120193
763.000000 78.316513
763.000000 81.017776
763.000000 83.887062
763.000000 85.380440
763.000000 87.680870
[NoteLoad3] 3
41
867.000000 3.749876
867.000000 8.313697
867.000000 13.700118
867.000000 14.689838
867.000000 17.189947
867.000000 19.925127
867.000000 20.361092
867.000000 23.348101
867.000000 24.151179
867.000000 30.244154
867.000000 31.613195
867.000000 33.215569
867.000000 35.635052
867.000000 38.516193
867.000000 39.135661
867.000000 41.252666
867.000000 42.504112
867.000000 44.053238
867.000000 45.865414
867.000000 46.939594
867.000000 54.641064
867.000000 55.379189
867.000000 59.708290
867.000000 60.381069
867.000000 61.185012
867.000000 63.567368
867.000000 64.037270
867.000000 65.218613
867.000000 66.873016
867.000000 67.577599
867.000000 69.557587
867.000000 70.044228
867.000000 72.596207
867.000000 73.299858
867.000000 75.967361
867.000000 76.254677
867.000000 78.114975
867.000000 80.113777
867.000000 82.242752
867.000000 85.145447
867.000000 87.326691
[NoteLoad4] 4
28
971.000000 3.582060
971.000000 7.474763
971.000000 8.766712
971.000000 14.203314
971.000000 15.141524
971.000000 17.340931
971.000000 20.092745
971.000000 23.733774
971.000000 30.395191
971.000000 33.415363
971.000000 38.633995
971.000000 41.387199
971.000000 45.513374
971.000000 46.469749
971.000000 55.026833
971.000000 60.027035
971.000000 61.866165
971.000000 63.768894
971.000000 66.420242
971.000000 67.242516
971.000000 69.775818
971.000000 71.185150
971.000000 72.638313
971.000000 74.658493
971.000000 75.994019
971.000000 77.712997
971.000000 78.685722
971.000000 81.487633
[NoteLoad5] 5
5
816.000000 11.132501
816.000000 27.962206
816.000000 34.841587
816.000000 49.272522
816.000000 51.285091