[NOTEINFO]
5
[NoteLoad1] 1
19
658.000000 8.535815
658.000000 15.844196
658.000000 17.319315
658.000000 24.460127
658.000000 25.030390
658.000000 46.267910
658.000000 53.509270
658.000000 61.203220
658.000000 64.455093
658.000000 66.098183
658.000000 72.853088
658.000000 75.417709
658.000000 77.462685
658.000000 78.770302
658.000000 83.530663
658.000000 84.134537
658.000000 85.375031
658.000000 88.425751
658.000000 90.604401
[NoteLoad2] 2
18
763.000000 17.621078
763.000000 24.744961
763.000000 31.322140
763.000000 32.193306
763.000000 33.696167
763.000000 61.421574
763.000000 63.639511
763.000000 64.957924
763.000000 66.298988
763.000000 74.415642
763.000000 76.842476
763.000000 77.127495
763.000000 78.501961
763.000000 83.815643
763.000000 84.754723
763.000000 85.056076
763.000000 88.727097
763.000000 90.923347
[NoteLoad3] 3
42
867.000000 4.479370
867.000000 6.356745
867.000000 19.682865
867.000000 21.041012
867.000000 25.717842
867.000000 26.689604
867.000000 27.326529
867.000000 28.751173
867.000000 29.841240
867.000000 30.695709
867.000000 31.148813
867.000000 43.821133
867.000000 51.129025
867.000000 52.319202
867.000000 59.426479
867.000000 60.744896
867.000000 61.192131
867.000000 62.879433
867.000000 63.600601
867.000000 65.221397
867.000000 66.824402
867.000000 67.562477
867.000000 68.400406
867.000000 69.634735
867.000000 70.294174
867.000000 71.880920
867.000000 72.450691
867.000000 73.573784
867.000000 74.842041
867.000000 75.931557
867.000000 76.037880
867.000000 79.089134
867.000000 81.307495
867.000000 82.877449
867.000000 84.659401
867.000000 85.263412
867.000000 86.235596
867.000000 87.822342
867.000000 88.062767
867.000000 89.715950
867.000000 90.285919
867.000000 91.224617
[NoteLoad4] 4
25
971.000000 26.287275
971.000000 27.611408
971.000000 34.752209
971.000000 35.623837
971.000000 36.076447
971.000000 37.233017
971.000000 38.087837
971.000000 39.524193
971.000000 40.160683
971.000000 61.940762
971.000000 62.561020
971.000000 63.868450
971.000000 66.868851
971.000000 67.405754
971.000000 68.830109
971.000000 71.026367
971.000000 72.149445
971.000000 74.663383
971.000000 75.116432
971.000000 76.306122
971.000000 79.407166
971.000000 82.558899
971.000000 85.944504
971.000000 87.520103
971.000000 90.001457
[NoteLoad5] 5
31
816.000000 11.000406
816.000000 13.246036
816.000000 14.487061
816.000000 28.198040
816.000000 29.449511
816.000000 30.108992
816.000000 30.980728
816.000000 31.617588
816.000000 32.573120
816.000000 33.444733
816.000000 34.031807
816.000000 35.053905
816.000000 36.908848
816.000000 37.445198
816.000000 38.534698
816.000000 39.356079
816.000000 40.708538
816.000000 41.585491
816.000000 42.903927
816.000000 44.239197
816.000000 48.150185
816.000000 49.536110
816.000000 50.832588
816.000000 53.039425
816.000000 55.654907
816.000000 57.079639
816.000000 58.454163
816.000000 69.970345
816.000000 70.305206
816.000000 79.943977
816.000000 86.547920