[NOTEINFO]
5
[NoteLoad1] 1
14
658.000000 0.746439
658.000000 5.612723
658.000000 10.142799
658.000000 14.623668
658.000000 20.831200
658.000000 28.818195
658.000000 30.596569
658.000000 34.136959
658.000000 37.711159
658.000000 41.234585
658.000000 44.791676
658.000000 46.503689
658.000000 0.000000
658.000000 48.332207
[NoteLoad2] 2
16
763.000000 1.736366
763.000000 6.535236
763.000000 11.065763
763.000000 15.461826
763.000000 19.052639
763.000000 22.659548
763.000000 27.945475
763.000000 29.707317
763.000000 32.425541
763.000000 35.898781
763.000000 38.617161
763.000000 42.090473
763.000000 45.664326
763.000000 46.486412
763.000000 47.460220
763.000000 0.000000
[NoteLoad3] 3
15
867.000000 2.676111
867.000000 7.458506
867.000000 11.938162
867.000000 16.334229
867.000000 19.924986
867.000000 23.549267
867.000000 25.277521
867.000000 27.039465
867.000000 33.247665
867.000000 34.992752
867.000000 39.472755
867.000000 42.979664
867.000000 0.000000
867.000000 47.442860
867.000000 48.349327
[NoteLoad4] 4
13
971.000000 3.666059
971.000000 8.347459
971.000000 12.894641
971.000000 17.257103
971.000000 21.787638
971.000000 26.150131
971.000000 31.519516
971.000000 36.788010
971.000000 40.345284
971.000000 43.885651
971.000000 46.520584
971.000000 0.000000
971.000000 0.000000
[NoteLoad5] 5
5
816.000000 4.639421
816.000000 9.286999
816.000000 13.817522
816.000000 18.146452
816.000000 24.371614