48 1
-180 100 0 1
-360 100 0 2
-540 100 0 3
-720 100 0 4
-1000 100 0 5
-1180 100 0 6
-1360 100 0 1
-1540 100 0 2
-1720 100 0 3
-1900 100 0 4
-2080 100 0 5
-2160 100 0 6
-2340 100 0 1
-2520 100 0 2
-2700 100 0 3
-2880 100 0 4
-3060 100 0 5
-3240 100 0 6
-3420 100 0 1
-3600 100 0 2
-3780 100 0 3
-3960 100 0 4
-4140 100 0 5
-4320 100 0 6
-4500 100 0 1
-4680 100 0 2
-4860 100 0 3
-5040 100 0 4
-5220 100 0 5
-5400 100 0 6
-5580 100 0 1
-5760 100 0 2
-5940 100 0 3
-6120 100 0 4
-6300 100 0 5
-6480 100 0 6
-6660 100 0 1
-6840 100 0 2
-7020 100 0 3
-7200 100 0 4
-7380 100 0 5
-7560 100 0 6
-7740 100 0 1
-7920 100 0 2
-8100 100 0 3
-8280 100 0 4
-8460 100 0 5