111
-390.327454 312 0 1
-585.150330 312 0 2
-685.972168 312 0 3
-975.230469 312 0 6
-1170.421509 312 0 5
-1365.361328 312 0 4
-1460.267334 312 0 2
-1660.837769 312 0 3
-1755.475830 312 0 1
-1950.280762 312 0 2
-2145.103271 312 0 3
-2245.891602 312 0 6
-2340.445313 312 0 5
-2535.234131 312 0 4
-2730.072998 312 0 3
-2830.979004 312 0 2
-2925.784668 312 0 5
-3120.556152 312 0 4
-3315.244385 312 0 1
-3510.166992 312 0 2
-3610.939209 312 0 3
-3705.828125 312 0 6
-3900.768066 312 0 5
-4095.103516 312 0 4
-4195.673828 312 0 2
-4290.529785 312 0 1
-4390.764648 312 0 2
-4400.485840 312 0 3
-4680.291504 312 0 6
-4875.214355 312 0 2
-4975.801270 312 0 2
-5070.590332 312 0 2
-5265.345215 312 0 2
-5460.016113 312 0 3
-5500.999999 312 0 3
-5655.375488 312 0 3
-5740.097168 312 0 3
-5950.999999 312 0 4
-6045.556641 312 0 5
-6240.328613 312 0 2
-6435.134277 312 0 1
-6446.939453 312 0 3
-6630.946289 312 0 2
-6825.466309 312 0 3
-6920.221191 312 0 6
-7065.875977 312 0 5
-7215.614258 312 0 4
-7410.520020 312 0 2
-7605.476563 312 0 3
-7800.349121 312 0 5
-7995.305176 312 0 6
-8190.178223 312 0 2
-8384.000000 312 0 3
-8455.839844 312 0 4
-8580.829102 312 0 5
-8775.667969 312 0 6
-8970.473633 312 0 5
-9165.329102 312 0 4
-9360.302734 312 0 1
-9555.242188 312 0 2
-9750.046875 312 0 3
-9945.003906 312 0 4
-9956.999999 312 0 5
-10140.379883 312 0 6
-10145.999999 312 0 2
-10335.655273 312 0 3
-10530.510742 312 0 3
-10725.349609 312 0 5
-10920.255859 312 0 5
-11115.295898 312 0 4
-11300.185547 312 0 6
-11410.537109 312 0 6
-11505.292969 312 0 5
-11575.611328 312 0 5
-11600.014648 312 0 4
-11760.735352 312 0 4
-11799.188477 312 0 3
-11895.810547 312 0 3
-12000.379883 312 0 2
-12090.933594 312 0 2
-12185.470703 312 0 1
-12280.175781 312 0 1
-12675.098633 312 0 1
-12775.886719 312 0 1
-12870.507813 312 0 2
-13065.397461 312 0 3
-13260.000977 312 0 4
-13360.671875 312 0 2
-13455.594727 312 0 3
-13650.584961 312 0 5
-13845.323242 312 0 6
-14040.296875 312 0 2
-14105.168945 312 0 3
-14430.075195 312 0 4
-14525.031250 312 0 5
-14625.871094 312 0 6
-14820.792969 312 0 5
-15015.649414 312 0 2
-15110.488281 312 0 3
-15405.460938 312 0 4
-15600.383789 312 0 5
-15795.189453 312 0 6
-15900.061523 312 0 4
-16290.934570 312 0 5
-16380.058594 312 0 5
-16480.880859 312 0 2
-16575.853516 312 0 3
-16770.642578 312 0 5
-16965.414063 312 0 2
-17160.136719 312 0 1
-17355.259766 312 0 2