101
-585.314392 312 0 1
-780.387756 312 0 1
-975.546143 312 0 2
-1170.234131 312 0 2
-1365.492554 312 0 4
-1560.398560 312 0 4
-1755.606201 312 0 5
-1950.814697 312 0 6
-2145.755127 312 0 6
-2340.744141 312 0 6
-2730.154053 312 0 3
-2925.143799 312 0 3
-2025.999756 312 0 3
-3120.855469 312 0 5
-3510.130371 312 0 5
-3705.389160 312 0 1
-3900.412109 312 0 1
-4095.150146 312 0 6
-4295.989014 312 0 6
-4485.013184 312 0 6
-4680.070313 312 0 5
-4780.842285 312 0 5
-4875.563965 312 0 5
-5070.956543 312 0 3
-5265.895508 312 0 3
-5655.439941 312 0 1
-5850.513672 312 0 1
-6045.889648 312 0 2
-6240.895996 312 0 2
-6435.902832 312 0 3
-6630.842285 312 0 3
-6825.647949 312 0 3
-7020.889648 312 0 1
-7215.846191 312 0 1
-7410.718750 312 0 4
-7605.742188 312 0 2
-7800.480469 312 0 2
-7995.369629 312 0 6
-8190.191895 312 0 5
-8385.165039 312 0 5
-8580.122070 312 0 4
-8610.909180 312 0 4
-8775.698242 312 0 1
-8970.487305 312 0 1
-9165.460938 312 0 2
-9360.349609 312 0 2
-9460.919922 312 0 6
-9555.926758 312 0 6
-9750.531250 312 0 5
-9945.218750 312 0 5
-10140.091797 312 0 4
-10240.829102 312 0 4
-10335.988281 312 0 4
-10530.876953 312 0 1
-10725.547852 312 0 2
-10920.134766 312 0 2
-11020.805664 312 0 3
-11115.410156 312 0 3
-11310.082031 312 0 3
-11410.703125 312 0 3
-11505.407227 312 0 6
-11700.112305 312 0 6
-11895.252930 312 0 2
-12090.243164 312 0 1
-12190.914063 312 0 2
-12285.787109 312 0 4
-12480.390625 312 0 4
-12675.296875 312 0 5
-12775.867188 312 0 5
-12870.992188 312 0 6
-13065.999023 312 0 6
-13260.769531 312 0 1
-13455.525391 312 0 1
-13650.481445 312 0 1
-13845.186523 312 0 2
-13945.874023 312 0 2
-14040.663086 312 0 2
-14235.368164 312 0 3
-14430.088867 312 0 3
-14625.146484 312 0 3
-14715.783203 312 0 6
-14820.739258 312 0 6
-15015.495117 312 0 4
-15210.434570 312 0 5
-15405.223633 312 0 2
-15505.828125 312 0 2
-15600.868164 312 0 1
-15795.740234 312 0 6
-15990.696289 312 0 6
-16185.518555 312 0 5
-16380.508789 312 0 5
-16575.482422 312 0 1
-16615.968750 312 0 1
-16770.925781 312 0 2
-16965.529297 312 0 2
-17160.468750 312 0 4
-17355.576172 312 0 5
-17450.062500 312 0 6
-17550.548828 312 0 3
-17650.986328 312 0 1
-17745.488281 312 0 1
