[NOTEINFO]
5
[NoteLoad1] 1
35
658.000000 3.368774
658.000000 4.692651
658.000000 6.414218
658.000000 8.067701
658.000000 9.855793
658.000000 10.543099
658.000000 11.984368
658.000000 15.739089
658.000000 16.241968
658.000000 19.091854
658.000000 21.874067
658.000000 24.857903
658.000000 26.534004
658.000000 28.528809
658.000000 30.825712
658.000000 35.938152
658.000000 38.636478
658.000000 39.156178
658.000000 42.475166
658.000000 43.162312
658.000000 47.386436
658.000000 48.895195
658.000000 49.850929
658.000000 52.264297
658.000000 55.767616
658.000000 58.248535
658.000000 62.439014
658.000000 65.975891
658.000000 67.082260
658.000000 72.027115
658.000000 74.658760
658.000000 78.514252
658.000000 80.911133
658.000000 84.800407
658.000000 88.286903
[NoteLoad2] 2
24
763.000000 3.837753
763.000000 5.045086
763.000000 8.765890
763.000000 9.251993
763.000000 10.174294
763.000000 12.286452
763.000000 15.990550
763.000000 16.510185
763.000000 22.394028
763.000000 25.880301
763.000000 29.769165
763.000000 31.194323
763.000000 36.373871
763.000000 38.854389
763.000000 42.810329
763.000000 48.442539
763.000000 49.498543
763.000000 52.616314
763.000000 56.957745
763.000000 61.349506
763.000000 68.507393
763.000000 77.323997
763.000000 83.878136
763.000000 89.242088
[NoteLoad3] 3
26
867.000000 5.430569
867.000000 6.519783
867.000000 7.458439
867.000000 10.961853
867.000000 11.632347
867.000000 12.654859
867.000000 17.214201
867.000000 18.052263
867.000000 19.723148
867.000000 22.947197
867.000000 23.634153
867.000000 27.288351
867.000000 32.216549
867.000000 37.295803
867.000000 39.977478
867.000000 41.486504
867.000000 43.849590
867.000000 45.944977
867.000000 53.404476
867.000000 54.694923
867.000000 59.539211
867.000000 63.662685
867.000000 69.580223
867.000000 76.033394
867.000000 85.772263
867.000000 89.996384
[NoteLoad4] 4
22
971.000000 6.201260
971.000000 7.106870
971.000000 11.263544
971.000000 12.889466
971.000000 17.582928
971.000000 18.370764
971.000000 23.282499
971.000000 23.969412
971.000000 27.875500
971.000000 33.222301
971.000000 38.150345
971.000000 40.799145
971.000000 45.307899
971.000000 46.481701
971.000000 53.789967
971.000000 60.310257
971.000000 64.785721
971.000000 70.669418
971.000000 73.284279
971.000000 79.519958
971.000000 86.979515
971.000000 90.566299
[NoteLoad5] 5
5
816.000000 14.281080
816.000000 20.215063
816.000000 34.848259
816.000000 50.956848
816.000000 82.268982