81
-585.406433 312 0 1
-780.631958 312 0 1
-975.940613 312 0 2
-1170.930786 312 0 3
-1560.424072 312 0 4
-1755.715942 312 0 4
-1950.839600 312 0 5
-2145.981445 312 0 5
-2535.390869 312 0 6
-2730.632324 312 0 6
-2925.656006 312 0 1
-3120.916504 312 0 1
-3510.122314 312 0 2
-3705.179688 312 0 2
-3900.471191 312 0 3
-4095.864014 312 0 3
-4485.139160 312 0 1
-4585.827148 312 0 2
-4680.632813 312 0 2
-4875.722656 312 0 3
-5070.629395 312 0 3
-5265.937988 312 0 1
-5460.693359 312 0 1
-5655.650391 312 0 6
-5850.639648 312 0 6
-6045.528320 312 0 6
-6240.720215 312 0 5
-6435.709961 312 0 5
-6630.935059 312 0 4
-6825.623047 312 0 4
-7020.597168 312 0 4
-7215.502441 312 0 4
-7410.324707 312 0 5
-7605.566406 312 0 5
-7800.572754 312 0 6
-7995.311035 312 0 6
-8190.351563 312 0 1
-8385.223633 312 0 1
-8580.482422 312 0 2
-8775.740234 312 0 2
-9165.015625 312 0 3
-9360.358398 312 0 3
-9555.834961 312 0 3
-9750.909180 312 0 3
-10140.956055 312 0 3
-10530.348633 312 0 4
-10725.120117 312 0 6
-10825.791992 312 0 5
-10920.815430 312 0 5
-11115.385742 312 0 6
-11310.191406 312 0 1
-11505.350586 312 0 2
-11605.801758 312 0 2
-11700.875977 312 0 6
-11895.950195 312 0 6
-12090.754883 312 0 5
-12480.149414 312 0 4
-12675.053711 312 0 1
-12870.294922 312 0 2
-13065.402344 312 0 2
-13260.493164 312 0 3
-13455.416016 312 0 3
-13650.775391 312 0 1
-13845.832031 312 0 1
-14235.074219 312 0 6
-14430.349609 312 0 6
-14625.910156 312 0 4
-14820.732422 312 0 4
-15015.604492 312 0 5
-15210.896484 312 0 5
-15600.104492 312 0 6
-15795.345703 312 0 5
-15990.269531 312 0 4
-16185.275391 312 0 1
-16380.652344 312 0 2
-16575.574219 312 0 3
-16770.951172 312 0 4
-17160.226563 312 0 5
-17355.568359 312 0 1
-17550.494141 312 0 2
-17745.144531 312 0 3
