91
5.655763 0
7.400718 2
9.112340 1
10.152502 3
11.024907 0
11.847215 1
12.770058 4
13.928330 4
15.421185 0
16.344078 2
17.183376 3
18.005157 0
19.079300 1
19.985508 2
20.774391 2
21.713432 3
22.418346 0
23.374477 4
24.667152 4
25.371313 0
26.193491 1
26.898273 4
28.089520 4
29.381523 4
30.505682 2
31.562778 2
32.384987 3
33.341469 0
33.995796 1
35.086430 2
35.757603 0
36.260899 1
37.536129 2
38.140156 3
38.693935 0
39.549603 1
40.623772 4
41.126892 0
41.915501 1
42.888748 2
44.046490 3
45.086765 0
46.127087 1
46.982914 2
47.486347 4
48.274895 3
49.029930 0
50.019936 1
50.925861 2
51.865536 3
52.721317 0
53.543449 1
54.382404 4
55.003372 0
56.731461 2
57.570431 3
58.158096 0
58.929688 4
59.466560 1
59.986687 0
60.674751 4
61.211681 2
62.436489 3
62.822533 0
64.215141 1
65.205109 4
66.648430 2
67.520638 0
68.711891 3
69.618164 1
70.658363 0
71.413452 1
72.286003 2
73.141212 3
73.880051 0
74.836319 1
75.624519 2
76.413612 3
77.554588 0
77.906525 4
79.098969 1
79.752617 0
80.407028 2
81.044701 3
81.799713 0
82.437164 1
83.712448 2
84.450790 3
85.457611 0
86.448082 1
87.370270 3