101
0.655773 0
1.360547 2
2.098836 3
2.585379 0
3.240024 1
3.760002 2
4.280173 3
4.817040 4
5.237140 4
5.605618 4
5.941268 0
6.209661 1
6.545254 2
6.864092 3
7.434561 0
7.988258 1
8.575700 2
9.028581 3
9.783648 0
10.387671 4
10.823917 2
11.092444 3
11.528706 0
11.897799 1
13.273729 4
13.861010 2
14.582489 3
14.851274 0
15.371161 1
15.824170 0
16.176397 0
16.377897 0
17.183411 2
17.854546 3
18.508436 1
19.532433 4
20.471958 0
21.529085 2
22.200317 3
22.871395 0
23.844732 1
24.532528 4
25.287621 2
26.176994 0
27.082987 3
27.586750 0
29.012552 1
29.700739 2
30.942490 3
31.647057 0
32.435658 4
33.224133 2
34.583340 1
35.254436 3
36.059959 0
36.949146 1
37.536682 2
38.175919 3
39.046745 0
39.919052 1
41.328449 2
42.435883 3
43.190979 4
44.197685 0
44.902428 1
45.926300 2
46.597275 3
47.251575 0
48.543499 2
49.885796 0
51.312222 1
52.453129 2
53.392857 3
54.517082 0
55.540394 1
57.050636 2
58.443504 3
59.013741 0
59.819118 2
60.842640 3
61.295696 1
62.403126 2
63.611206 0
64.852943 3
65.725479 1
67.269104 4
68.561234 0
69.920273 4
71.296181 2
72.487663 0
73.662025 3
75.239311 1
76.665588 0
78.695793 2
80.407272 3
82.353683 0
82.371849 1
84.300194 2
85.977486 1
87.471260 2
89.746735 0