90 0
-1170 312 0 1
-1611 312 0 2
-1732 312 0 3
-2000 312 0 6
-2161 312 0 4
-2334 312 0 5
-2514 312 0 5
-2535 312 0 1
-2570 312 0 1
-2630 312 0 1
-2730 312 0 1
-3034 312 0 6
-3129 312 0 6
-3315 312 0 1
-3538 312 0 2
-3639 312 0 3
-3705 312 0 1
-3914 312 0 2
-4071 312 0 6
-4143 312 0 6
-4225 312 0 6
-4317 312 0 6
-4400 312 0 1
-4485 312 0 2
-4507 312 0 1
-4641 312 0 2
-4680 312 0 1
-4875 312 0 1
-5174 312 0 3
-5275 312 0 3
-5455 312 0 4
-5557 312 0 4
-5864 312 0 2
-5940 312 0 2
-6045 312 0 1
-6509 312 0 6
-6571 312 0 6
-6633 312 0 6
-6830 312 0 2
-7180 312 0 3
-7262 312 0 3
-7410 312 0 1
-7605 312 0 1
-7870 312 0 6
-8060 312 0 6
-8384 312 0 2
-8587 312 0 3
-8672 312 0 3
-8924 312 0 2
-9087 312 0 2
-9165 312 0 1
-9634 312 0 4
-9761 312 0 4
-9990 312 0 6
-10066 312 0 6
-10140 312 0 1
-10530 312 0 1
-10818 312 0 2
-11355 312 0 3
-11400 312 0 3
-11505 312 0 1
-11700 312 0 1
-11820 312 0 1
-12104 312 0 2
-12405 312 0 3
-12483 312 0 6
-12578 312 0 5
-12870 312 0 1
-13065 312 0 1
-13265 312 0 1
-13462 312 0 2
-13753 312 0 3
-13818 312 0 3
-13920 312 0 6
-14129 312 0 5
-14453 312 0 5
-14780 312 0 4
-15015 312 0 1
-15210 312 0 1
-15487 312 0 6
-15579 312 0 6
-15860 312 0 2
-15919 312 0 2
-16171 312 0 4
-16272 312 0 4
-16580 312 0 5
-16662 312 0 5
-16770 312 0 1
-16965 312 0 1
-17160 312 0 1
