[NOTEINFO]
5
[NoteLoad1] 1
20
658.000000 6.687384
658.000000 15.412562
658.000000 19.040817
658.000000 22.577290
658.000000 26.100780
658.000000 29.741995
658.000000 35.430099
658.000000 41.152039
658.000000 42.997414
658.000000 46.487717
658.000000 49.138779
658.000000 50.397041
658.000000 54.642387
658.000000 59.843773
658.000000 63.904446
658.000000 67.529037
658.000000 70.565804
658.000000 73.283821
658.000000 80.331070
658.000000 86.455917
[NoteLoad2] 2
18
763.000000 8.399028
763.000000 15.916045
763.000000 20.362413
763.000000 23.416157
763.000000 26.704851
763.000000 30.749023
763.000000 36.638115
763.000000 41.990814
763.000000 45.631775
763.000000 47.293354
763.000000 51.336704
763.000000 55.347176
763.000000 61.806950
763.000000 65.934601
763.000000 69.693008
763.000000 74.290581
763.000000 81.472038
763.000000 88.401825
[NoteLoad3] 3
16
867.000000 10.211045
867.000000 11.922647
867.000000 17.359049
867.000000 20.932926
867.000000 24.339321
867.000000 31.537376
867.000000 34.057915
867.000000 38.516899
867.000000 40.312958
867.000000 43.819710
867.000000 48.081722
867.000000 52.930859
867.000000 56.420902
867.000000 66.824051
867.000000 75.884659
867.000000 83.083061
[NoteLoad4] 4
18
971.000000 10.664276
971.000000 12.811759
971.000000 18.147768
971.000000 21.738394
971.000000 24.842636
971.000000 33.097752
971.000000 39.490662
971.000000 44.272923
971.000000 48.635307
971.000000 53.635418
971.000000 60.733063
971.000000 62.679588
971.000000 65.414406
971.000000 68.602470
971.000000 72.243584
971.000000 77.445305
971.000000 84.760719
971.000000 87.445694
[NoteLoad5] 5
2
816.000000 13.700996
816.000000 27.946674