122
-585.501160 312 0 1
-590.802002 312 0 1
-780.774902 312 0 2
-975.798767 312 0 3
-1170.217896 312 0 3
-1365.023193 312 0 5
-1375.526733 312 0 5
-1530.248413 312 0 6
-1550.617554 312 0 6
-1580.969604 312 0 6
-1755.657715 312 0 1
-1950.026733 312 0 1
-1980.798828 312 0 6
-2140.536865 312 0 5
-2145.989990 312 0 5
-2535.164551 312 0 3
-2730.355713 312 0 2
-2770.674561 312 0 2
-2925.547119 312 0 1
-3120.184814 312 0 1
-3180.805664 312 0 6
-3315.510254 312 0 6
-3510.181396 312 0 5
-3705.020508 312 0 5
-3795.708740 312 0 3
-3900.480225 312 0 3
-4095.251953 312 0 6
-4290.191406 312 0 6
-4310.980469 312 0 2
-4435.349121 312 0 3
-4495.718750 312 0 2
-4680.523926 312 0 1
-4875.480469 312 0 1
-5070.251953 312 0 2
-5205.023926 312 0 3
-5310.426758 312 0 3
-5460.333008 312 0 4
-5625.423340 312 0 5
-5715.943848 312 0 5
-5850.514160 312 0 6
-6045.134766 312 0 6
-6095.973633 312 0 6
-6240.896973 312 0 1
-6435.870117 312 0 1
-6630.658691 312 0 2
-6670.977539 312 0 2
-6825.547852 312 0 3
-7020.118652 312 0 3
-7080.940430 312 0 4
-7215.326172 312 0 4
-7245.846680 312 0 5
-7410.350098 312 0 5
-7460.752930 312 0 6
-7605.088379 312 0 6
-7665.708984 312 0 1
-7800.480957 312 0 1
-7995.219238 312 0 2
-8190.125488 312 0 3
-8260.931152 312 0 3
-8385.619141 312 0 1
-8580.374023 312 0 2
-8775.414063 312 0 3
-8970.588867 312 0 1
-9165.762695 312 0 2
-9360.500977 312 0 3
-9545.290039 312 0 4
-9595.708984 312 0 4
-9750.867188 312 0 5
-9945.504883 312 0 5
-10140.276367 312 0 6
-10335.769531 312 0 6
-10530.306641 312 0 1
-10610.642578 312 0 1
-10725.532227 312 0 2
-10810.287109 312 0 2
-10920.874023 312 0 3
-11310.014648 312 0 3
-11405.256836 312 0 1
-11605.860352 312 0 1
-11700.716797 312 0 5
-11895.203125 312 0 5
-12020.025391 312 0 6
-12090.696289 312 0 6
-12285.317383 312 0 3
-12410.022461 312 0 3
-12480.827148 312 0 2
-12675.666016 312 0 1
-12820.237305 312 0 1
-12880.924805 312 0 3
-13065.511719 312 0 3
-13260.384766 312 0 6
-13455.324219 312 0 6
-13650.683594 312 0 1
-13825.393555 312 0 1
-13875.924805 312 0 2
-14040.613281 312 0 2
-14235.250977 312 0 3
-14285.687500 312 0 3
-14430.324219 312 0 6
-14470.945313 312 0 6
-14625.851563 312 0 6
-14820.288086 312 0 1
-14870.942383 312 0 1
-15015.478516 312 0 2
-15210.452148 312 0 3
-15405.241211 312 0 3
-15455.961914 312 0 6
-15795.153320 312 0 2
-15810.026367 312 0 3
-15930.445313 312 0 3
-16185.250977 312 0 1
-16215.670898 312 0 1
-16310.509766 312 0 2
-16425.878906 312 0 2
-16575.550781 312 0 3
-16730.154297 312 0 3
-16770.976563 312 0 6
-16965.412109 312 0 6
-17031.748047 312 0 6
-17325.443359 312 0 1
-17375.878906 312 0 2
-17450.248047 312 0 3
-17745.169922 312 0 2