180
1.192931 0
1.712845 1
1.981302 2
2.669258 3
5.539082 0
5.740130 3
5.924765 1
5.975100 2
6.260028 0
7.266747 1
7.468103 2
7.720370 3
7.938313 2
9.246697 0
10.001765 1
10.354404 3
10.874499 0
11.159946 3
11.361154 2
11.662834 1
12.132870 2
13.206532 4
13.475123 4
13.861128 4
14.079078 4
14.481779 0
15.371198 0
16.293976 2
16.663057 0
17.166456 1
17.535635 3
18.056030 2
18.207191 3
18.508762 0
19.028973 1
19.331055 1
19.918276 4
20.354923 2
20.757175 2
20.992102 2
21.176737 2
21.377899 3
21.612791 2
21.865124 2
22.015715 0
22.233757 1
22.418398 1
22.619738 0
22.938509 4
23.441872 0
23.861450 1
24.398388 2
24.583040 2
24.784201 2
25.270832 3
25.488890 2
25.740730 3
25.975920 2
27.066694 0
27.821278 1
28.140009 1
28.492462 0
28.744112 1
29.096611 4
29.448776 3
29.533319 2
29.868433 3
30.556282 0
31.143667 0
31.361595 0
31.596474 0
32.167030 1
32.385487 1
32.620064 1
33.056469 4
33.995972 2
34.398678 3
34.616737 2
34.835110 3
35.875378 0
36.294914 1
36.647095 1
36.815079 1
36.999393 1
37.687717 2
38.576626 2
39.415623 3
39.869026 0
40.355339 0
40.556629 0
41.127171 4
42.217861 1
42.905674 0
43.140575 1
43.325409 0
43.476124 1
44.869080 2
45.657429 3
46.479664 0
46.731533 1
46.949448 0
47.201103 1
47.368996 2
47.503395 3
48.258362 4
49.164482 0
49.432831 0
49.634487 0
50.087238 2
50.540222 2
51.849190 3
52.268459 3
52.771961 1
53.141006 1
53.560604 0
53.963215 1
54.466614 2
54.785480 3
54.986683 2
57.067364 0
57.570736 1
58.007000 2
58.191456 2
58.376141 2
59.097141 0
59.399715 1
59.735241 4
60.154408 2
60.976868 3
61.614536 0
61.849651 0
62.520130 1
62.805820 2
63.107864 3
63.342743 2
63.695267 4
64.366348 0
65.104713 1
65.339508 1
65.775749 2
65.977097 2
66.631477 3
66.799721 2
67.269035 4
67.973793 0
68.728851 0
69.651810 1
70.473862 0
71.279228 2
71.715515 3
72.168579 2
72.353050 2
72.554634 2
73.041992 0
73.275902 0
73.494019 0
73.863243 3
74.048347 3
74.282639 2
75.725700 4
76.732407 0
77.118462 1
77.403542 0
77.856735 4
78.611580 2
79.299683 3
79.551407 2
79.769531 3
80.004478 2
80.944000 0
82.001076 1
82.537994 2
83.746178 3
84.014793 2
84.266228 3
84.517952 2
85.508286 0
86.497856 2
86.934280 3
87.890526 0