196
-0.031825 0
0.538617 1
1.109099 2
1.612739 3
2.350807 0
2.635785 0
3.055471 1
3.575435 2
3.810379 2
4.062568 2
4.296888 3
4.985075 0
5.320478 4
5.622908 0
5.907704 1
6.260115 2
6.562671 4
7.233280 3
7.585689 2
7.837333 3
8.072516 2
8.726697 0
9.046056 1
9.280479 1
9.934801 4
10.354394 2
10.639606 3
10.891073 2
11.176743 0
11.444820 1
11.763603 4
12.233461 2
12.972138 3
13.424982 2
13.659741 0
14.028424 1
14.297254 0
14.699923 2
14.951870 3
15.253657 3
15.925021 4
16.293959 0
16.579243 1
16.881227 2
17.149754 3
17.435070 2
17.720203 0
18.072609 4
18.760643 1
19.532476 3
19.985529 2
20.220480 2
20.455204 2
20.908524 0
21.277351 1
22.065977 2
22.368044 3
22.686398 0
23.022711 4
23.693594 2
23.995607 2
24.532551 3
24.851421 3
25.103146 2
25.422195 0
26.243660 1
26.629980 2
26.999075 3
27.200407 2
27.519224 4
28.375126 0
28.693811 1
29.130054 2
29.683752 3
30.237577 2
31.093161 4
31.311447 4
32.099907 0
32.318146 1
32.586582 3
32.772392 2
33.006020 3
33.727551 0
34.013062 1
34.616856 2
34.784748 3
34.969578 2
35.170521 3
35.455891 0
36.126938 4
37.066570 2
37.822353 3
38.778057 0
39.063274 1
39.717789 2
39.902493 3
40.137188 2
40.338566 0
41.294956 1
41.580154 2
41.832256 3
42.100540 2
42.586960 0
43.526661 1
44.197716 2
44.885777 3
45.338715 2
45.640789 3
46.177864 0
46.513275 4
46.882435 0
47.486465 1
47.838783 2
48.476448 3
48.711220 2
49.080578 0
49.382599 4
49.919727 2
50.422962 3
51.110817 0
51.429688 1
51.782127 4
52.419708 2
52.688019 3
52.973217 2
53.275410 0
53.560448 1
53.912888 4
54.684673 2
55.003464 3
55.238537 2
55.540741 0
55.976681 1
56.412941 1
57.151199 2
57.504196 3
57.788910 2
58.141346 0
58.462601 4
58.778801 1
58.980396 0
59.299042 1
59.953373 2
60.826176 2
61.077621 3
61.312565 2
62.319218 0
63.343048 1
63.913277 4
64.819427 2
65.909981 3
66.480469 2
66.682281 3
67.504013 0
68.463036 0
68.795967 1
69.148361 4
69.869896 2
70.238953 3
70.792725 0
71.094803 1
71.413528 4
72.386925 2
73.292831 3
73.762619 2
73.997597 3
74.802902 0
75.256012 1
75.927238 4
76.497696 2
77.588242 3
77.873436 2
78.360214 0
78.846695 1
79.702522 4
80.440651 2
80.709229 3
81.195984 0
81.380394 0
81.531433 0
82.370445 2
82.722748 3
83.779716 2
84.383759 1
84.836823 0
85.273102 4
86.112404 2
86.950951 3
87.219475 0
87.437592 1
87.974586 1
88.612526 2
88.947266 3
89.182838 2
89.568611 0
89.786674 1
90.756004 4