[NOTEINFO]
5
[NoteLoad1] 1
51
658.000000 1.515640
658.000000 3.445113
658.000000 3.764418
658.000000 10.123278
658.000000 11.143464
658.000000 12.876716
658.000000 13.210591
658.000000 15.509324
658.000000 16.214392
658.000000 17.254513
658.000000 18.160463
658.000000 22.221064
658.000000 23.104794
658.000000 25.979445
658.000000 26.331743
658.000000 27.338869
658.000000 30.090002
658.000000 31.239853
658.000000 32.140903
658.000000 34.369389
658.000000 38.916317
658.000000 39.192838
658.000000 40.795490
658.000000 42.137863
658.000000 44.035778
658.000000 45.152978
658.000000 46.634659
658.000000 47.894951
658.000000 50.107937
658.000000 51.443790
658.000000 58.010933
658.000000 59.856834
658.000000 60.192303
658.000000 61.131836
658.000000 63.315380
658.000000 64.184139
658.000000 64.789123
658.000000 65.997948
658.000000 67.726074
658.000000 70.832146
658.000000 71.520325
658.000000 74.270149
658.000000 75.875618
658.000000 76.870728
658.000000 78.684525
658.000000 81.552010
658.000000 82.921234
658.000000 84.790512
658.000000 85.159637
658.000000 87.508720
658.000000 88.844498
[NoteLoad2] 2
47
763.000000 3.596361
763.000000 10.391657
763.000000 10.760866
763.000000 13.042873
763.000000 13.328314
763.000000 15.911971
763.000000 16.398823
763.000000 17.724257
763.000000 22.539843
763.000000 23.959352
763.000000 26.163975
763.000000 26.465845
763.000000 27.238256
763.000000 28.764952
763.000000 32.406071
763.000000 33.758457
763.000000 34.184788
763.000000 39.369331
763.000000 40.611275
763.000000 40.963608
763.000000 43.850895
763.000000 44.201431
763.000000 44.919895
763.000000 47.406738
763.000000 50.259224
763.000000 50.827447
763.000000 58.346676
763.000000 59.991058
763.000000 60.293022
763.000000 61.998005
763.000000 62.499439
763.000000 63.000000
763.000000 64.353737
763.000000 67.189354
763.000000 70.377235
763.000000 71.166100
763.000000 72.340546
763.000000 74.622597
763.000000 75.060150
763.000000 78.380867
763.000000 81.753464
763.000000 82.055557
763.000000 83.606125
763.000000 84.975189
763.000000 85.226974
763.000000 87.676460
763.000000 87.945305
[NoteLoad3] 3
47
867.000000 2.539577
867.000000 2.908178
867.000000 3.965685
867.000000 11.465567
867.000000 12.405407
867.000000 13.781326
867.000000 14.318280
867.000000 15.754382
867.000000 16.533175
867.000000 17.768000
867.000000 19.049818
867.000000 23.412317
867.000000 24.781675
867.000000 26.701303
867.000000 27.053347
867.000000 31.786804
867.000000 33.094318
867.000000 36.479908
867.000000 38.916073
867.000000 39.789043
867.000000 40.040859
867.000000 41.282074
867.000000 43.517349
867.000000 45.661522
867.000000 45.879585
867.000000 48.312828
867.000000 51.114872
867.000000 52.334740
867.000000 58.732494
867.000000 59.170322
867.000000 59.972359
867.000000 60.561333
867.000000 61.830002
867.000000 63.937832
867.000000 64.488121
867.000000 66.937714
867.000000 68.061905
867.000000 70.998428
867.000000 71.669220
867.000000 74.102081
867.000000 75.847298
867.000000 77.625732
867.000000 78.095581
867.000000 83.884468
867.000000 84.253975
867.000000 85.461601
867.000000 86.197957
[NoteLoad4] 4
34
971.000000 2.774241
971.000000 3.881446
971.000000 11.096417
971.000000 12.936413
971.000000 13.200512
971.000000 14.653609
971.000000 14.955679
971.000000 16.635412
971.000000 19.972847
971.000000 23.647259
971.000000 26.566538
971.000000 26.868809
971.000000 29.671019
971.000000 31.348402
971.000000 33.295200
971.000000 35.714798
971.000000 39.923130
971.000000 41.399784
971.000000 45.779194
971.000000 51.249260
971.000000 58.954124
971.000000 59.387127
971.000000 60.662025
971.000000 63.816647
971.000000 64.152184
971.000000 65.638924
971.000000 67.492798
971.000000 70.662567
971.000000 71.300079
971.000000 73.397514
971.000000 76.115608
971.000000 77.860657
971.000000 84.052170
971.000000 85.696579
[NoteLoad5] 5
14
816.000000 6.247226
816.000000 8.514233
816.000000 20.828772
816.000000 24.335478
816.000000 35.174587
816.000000 37.020210
816.000000 49.185219
816.000000 52.759083
816.000000 55.343338
816.000000 61.618538
816.000000 68.766350
816.000000 79.941399
816.000000 83.131119
816.000000 86.636497