[NOTEINFO]
5
[NoteLoad1] 1
66
658.000000 13.223652
658.000000 15.347197
658.000000 17.900345
658.000000 18.470299
658.000000 19.744265
658.000000 21.018549
658.000000 22.895521
658.000000 23.599600
658.000000 24.102459
658.000000 25.577862
658.000000 26.667063
658.000000 27.209208
658.000000 28.550196
658.000000 29.656466
658.000000 30.248966
658.000000 31.550968
658.000000 32.003909
658.000000 33.589977
658.000000 34.009136
658.000000 34.913656
658.000000 35.685242
658.000000 36.345066
658.000000 37.049095
658.000000 38.501598
658.000000 39.155006
658.000000 40.741760
658.000000 41.630077
658.000000 42.222935
658.000000 42.490803
658.000000 45.006081
658.000000 47.368641
658.000000 49.178940
658.000000 51.039574
658.000000 52.246475
658.000000 54.107101
658.000000 56.018391
658.000000 57.409252
658.000000 58.532372
658.000000 59.739315
658.000000 60.979736
658.000000 61.851234
658.000000 62.739742
658.000000 63.594585
658.000000 64.433136
658.000000 65.337852
658.000000 66.880051
658.000000 67.835487
658.000000 69.327301
658.000000 69.729752
658.000000 70.299873
658.000000 71.188339
658.000000 72.344673
658.000000 73.517868
658.000000 74.372826
658.000000 75.808998
658.000000 76.228012
658.000000 77.948463
658.000000 78.524216
658.000000 79.412514
658.000000 81.983307
658.000000 83.457985
658.000000 85.050453
658.000000 86.274368
658.000000 87.799446
658.000000 88.352631
658.000000 90.330956
[NoteLoad2] 2
45
763.000000 14.480865
763.000000 17.649021
763.000000 19.090523
763.000000 20.381556
763.000000 21.638372
763.000000 22.292007
763.000000 23.364912
763.000000 24.834284
763.000000 26.046902
763.000000 28.661779
763.000000 31.109461
763.000000 33.338570
763.000000 34.808002
763.000000 36.087566
763.000000 38.283821
763.000000 39.736286
763.000000 40.953949
763.000000 41.233906
763.000000 44.402035
763.000000 46.413246
763.000000 48.592636
763.000000 50.067390
763.000000 53.553860
763.000000 55.062538
763.000000 59.119026
763.000000 60.342682
763.000000 62.287144
763.000000 64.834991
763.000000 66.008392
763.000000 67.332520
763.000000 69.528488
763.000000 70.064302
763.000000 71.891998
763.000000 72.880920
763.000000 74.574005
763.000000 75.026588
763.000000 76.870384
763.000000 79.066231
763.000000 82.552963
763.000000 84.128471
763.000000 85.670570
763.000000 87.162514
763.000000 89.006371
763.000000 89.927188
763.000000 91.984306
[NoteLoad3] 3
70
867.000000 7.859707
867.000000 15.101103
867.000000 16.056564
867.000000 17.059958
867.000000 18.168571
867.000000 20.012756
867.000000 21.320229
867.000000 22.560665
867.000000 23.049163
867.000000 23.968388
867.000000 25.912741
867.000000 26.449167
867.000000 27.020877
867.000000 27.872248
867.000000 28.343510
867.000000 29.851934
867.000000 30.136900
867.000000 31.941473
867.000000 33.221226
867.000000 34.908470
867.000000 35.981795
867.000000 36.936691
867.000000 37.023878
867.000000 37.546181
867.000000 38.166477
867.000000 38.819866
867.000000 39.272381
867.000000 40.043831
867.000000 40.931858
867.000000 42.859539
867.000000 43.814960
867.000000 46.698162
867.000000 47.955650
867.000000 48.877209
867.000000 49.765572
867.000000 51.643833
867.000000 52.883804
867.000000 53.822449
867.000000 54.743984
867.000000 56.671722
867.000000 57.979267
867.000000 59.420734
867.000000 62.421173
867.000000 64.550095
867.000000 65.623222
867.000000 67.182114
867.000000 68.539474
867.000000 69.041217
867.000000 69.912617
867.000000 71.098427
867.000000 71.605792
867.000000 72.193733
867.000000 73.786194
867.000000 74.674995
867.000000 75.127121
867.000000 76.283707
867.000000 77.205681
867.000000 79.401527
867.000000 80.038879
867.000000 80.726089
867.000000 81.080284
867.000000 82.396225
867.000000 83.697922
867.000000 84.904816
867.000000 85.776917
867.000000 86.385574
867.000000 87.609329
867.000000 88.481033
867.000000 89.687790
867.000000 90.615540
[NoteLoad4] 4
42
971.000000 15.352472
971.000000 16.325005
971.000000 18.772018
971.000000 21.180534
971.000000 22.700481
971.000000 23.303915
971.000000 24.605345
971.000000 25.907036
971.000000 29.030567
971.000000 31.444370
971.000000 33.707417
971.000000 36.305817
971.000000 38.384041
971.000000 43.178020
971.000000 47.636818
971.000000 49.480797
971.000000 51.324883
971.000000 52.548191
971.000000 54.408779
971.000000 56.336559
971.000000 57.694660
971.000000 58.817684
971.000000 60.024147
971.000000 61.281410
971.000000 62.036238
971.000000 62.991146
971.000000 63.846027
971.000000 64.918945
971.000000 66.293480
971.000000 67.701416
971.000000 69.428291
971.000000 70.400093
971.000000 72.613213
971.000000 73.473923
971.000000 74.926315
971.000000 75.345032
971.000000 78.764580
971.000000 82.267830
971.000000 84.748756
971.000000 85.989105
971.000000 90.012093
971.000000 91.269600
[NoteLoad5] 5
21
816.000000 4.121703
816.000000 5.429196
816.000000 6.954545
816.000000 7.256304
816.000000 7.591879
816.000000 8.882136
816.000000 10.122622
816.000000 11.061260
816.000000 12.029561
816.000000 33.455936
816.000000 34.126717
816.000000 38.602333
816.000000 39.071205
816.000000 45.776577
816.000000 46.080200
816.000000 50.369045
816.000000 55.381115
816.000000 55.733170
816.000000 56.973446
816.000000 70.685158
816.000000 75.596817