149
-390.001373 312 0 1
-400.999999 312 0 1
-405.941223 312 0 2
-585.360413 312 0 2
-780.149109 312 0 3
-785.602295 312 0 3
-975.860474 312 0 4
-1170.565186 312 0 5
-1365.052002 312 0 6
-1365.840576 312 0 5
-1560.461060 312 0 4
-1755.000000 312 0 2
-1760.999999 312 0 3
-1950.000000 312 0 6
-1955.994995 312 0 5
-2145.783447 312 0 4
-2340.773438 312 0 2
-2535.729980 312 0 2
-2730.166260 312 0 3
-2830.786865 312 0 3
-2925.441406 312 0 4
-3025.944824 312 0 4
-3120.649414 312 0 5
-3315.270020 312 0 1
-3410.176514 312 0 1
-3610.914795 312 0 2
-3705.887939 312 0 2
-3900.777100 312 0 3
-4095.079102 312 0 6
-4095.751221 312 0 5
-4290.270508 312 0 2
-4390.673340 312 0 1
-4485.193359 312 0 6
-4585.663086 312 0 2
-4680.334473 312 0 5
-4785.737305 312 0 3
-4875.291016 312 0 4
-5000.096191 312 0 2
-5100.716797 312 0 3
-5180.952148 312 0 1
-5265.421875 312 0 6
-5365.924805 312 0 2
-5460.680664 312 0 5
-5500.233887 312 0 3
-5599.999999 312 0 4
-5688.770996 312 0 1
-5850.592773 312 0 2
-6045.045898 312 0 2
-6099.916113 312 0 3
-6145.968750 312 0 3
-6240.438477 312 0 4
-6340.875000 312 0 4
-6435.311523 312 0 5
-6505.848145 312 0 5
-6630.334961 312 0 6
-6825.039063 312 0 1
-6925.525879 312 0 2
-7000.012695 312 0 6
-7099.381836 312 0 3
-7120.801270 312 0 5
-7215.304688 312 0 4
-7315.741211 312 0 2
-7410.663086 312 0 5
-7605.620117 312 0 3
-7800.341797 312 0 4
-7850.811523 312 0 2
-7995.280762 312 0 5
-8035.701660 312 0 6
-8190.254395 312 0 1
-8385.177734 312 0 2
-8485.949219 312 0 3
-8530.385742 312 0 5
-8620.922852 312 0 6
-8725.760742 312 0 4
-8970.583984 312 0 2
-9165.489258 312 0 3
-9360.362305 312 0 5
-9555.335938 312 0 1
-9655.822266 312 0 6
-9750.191406 312 0 5
-9800.081055 312 0 2
-9899.533203 312 0 4
-10130.019531 312 0 3
-10200.808594 312 0 5
-10335.714844 312 0 5
-10530.604492 312 0 3
-10725.509766 312 0 3
-11115.841797 312 0 6
-11310.597656 312 0 5
-11370.882813 312 0 2
-11505.537109 312 0 4
-11595.922852 312 0 1
-11700.509766 312 0 5
-11895.181641 312 0 2
-11955.432617 312 0 6
-12000.768555 312 0 3
-12090.506836 312 0 5
-12285.111328 312 0 4
-12315.563477 312 0 1
-12480.251953 312 0 2
-12500.721680 312 0 6
-12675.342773 312 0 3
-12870.046875 312 0 5
-12875.718750 312 0 4
-13065.473633 312 0 2
-13260.429688 312 0 6
-13320.882813 312 0 1
-13455.604492 312 0 2
-13650.476563 312 0 3
-13845.382813 312 0 5
-13900.937500 312 0 4
-14040.373047 312 0 1
-14235.144531 312 0 6
-14240.732422 312 0 2
-14430.118164 312 0 5
-14435.889648 312 0 3
-14625.000000 312 0 4
-14627.994141 312 0 6
-14725.000000 312 0 5
-14725.913086 312 0 2
-14820.735352 312 0 3
-15015.038086 312 0 4
-15035.000000 312 0 2
-15095.641602 312 0 6
-15212.162109 312 0 3
-15214.480469 312 0 3
-15216.699219 312 0 3
-15218.950195 312 0 3
-15405.454102 312 0 5
-15450.890625 312 0 5
-15600.310547 312 0 2
-15795.199219 312 0 6
-15805.500977 312 0 1
-15845.769531 312 0 5
-15990.155273 312 0 2
-15640.960938 312 0 3
-16185.481445 312 0 4
-16285.850586 312 0 2
-16380.035156 312 0 5
-16480.823242 312 0 1
-16575.140625 312 0 6
-16595.494141 312 0 2
-16770.064453 312 0 5
-16870.585938 312 0 3
-16960.324219 312 0 5
-16965.574219 312 0 2
-16970.792969 312 0 4
-17160.246094 312 0 1
-17355.587891 312 0 1