136
0.772967 0
1.411002 1
2.568614 2
3.306915 3
4.045291 0
4.817071 1
5.270131 2
5.874185 3
6.226305 2
6.561895 0
7.317183 1
8.021729 2
8.743301 3
9.347384 0
9.968330 1
10.505445 2
11.226506 3
11.914569 4
13.290416 0
13.760231 1
14.364250 2
14.783712 4
15.958285 0
16.646164 2
17.132786 4
17.485556 3
18.508644 0
18.928230 1
19.515760 2
20.119631 3
20.958509 4
21.747051 0
22.183271 1
23.206841 2
23.508921 3
24.465483 0
24.750481 1
25.169968 4
25.555878 3
26.243792 2
26.731215 0
27.284187 1
27.686996 2
28.727232 3
29.045992 2
29.616499 0
29.952017 1
30.270824 4
31.126614 0
31.462154 1
31.831299 3
32.066372 2
32.401939 0
33.576878 3
33.895386 2
34.381874 4
34.784409 0
35.052891 1
35.271107 0
35.522621 4
36.227406 2
36.932186 3
37.452290 2
37.737526 3
38.710796 0
39.700748 4
41.361809 2
42.100109 4
43.341705 0
44.113598 4
44.986164 2
46.043171 0
46.949276 2
47.452702 3
47.620480 2
47.989651 0
48.862091 4
49.818577 1
50.623962 2
51.412548 3
52.469730 0
53.174328 2
53.644089 1
54.265247 4
54.735039 0
55.573738 2
56.177410 3
56.848995 0
57.235134 2
58.157776 4
58.576828 0
59.063801 1
59.785057 2
60.691711 0
61.295708 4
61.664726 2
62.319008 3
62.772038 2
63.124554 0
63.426460 1
63.845947 4
65.020477 2
65.909782 3
66.480347 0
67.436630 1
67.873146 2
68.409851 4
69.903206 4
70.339485 3
70.826096 0
71.178429 1
71.430115 0
72.403366 2
72.822800 3
73.376564 0
73.829704 1
74.970680 2
75.826363 4
76.145729 3
76.464005 2
77.437157 0
77.907005 1
78.645538 3
79.719719 4
80.810051 2
81.900757 0
83.175919 1
84.014763 3
84.333427 2
85.105698 0
85.977890 1
86.313515 3
86.884117 0
87.840576 2
88.830421 3
89.451141 0