131
0.957810 0
1.645831 1
2.417644 4
3.105342 2
3.978271 3
5.169193 0
5.605505 1
5.873961 0
6.075291 1
7.467958 2
9.146120 3
10.035148 4
10.773668 0
11.159619 0
11.914414 1
12.786945 2
13.223805 2
13.441358 2
13.642869 2
14.599093 0
14.967925 0
15.153352 0
15.337398 0
16.377707 3
17.267336 2
18.189871 1
19.079145 4
19.968458 0
20.874689 2
21.579254 3
22.116161 0
22.552734 1
23.408155 2
23.911509 3
24.431656 0
25.237108 4
26.025902 4
27.015701 0
27.787500 1
28.676786 2
28.878191 3
29.599632 0
30.639978 1
31.294338 2
31.563328 2
32.334641 3
32.670265 2
33.089783 0
33.928558 4
35.841515 4
36.781254 4
37.670399 0
38.526180 1
39.465794 2
40.304920 3
40.993389 0
41.160564 0
42.536469 1
43.073399 2
43.408939 3
44.264771 0
45.623741 2
46.529884 4
47.754814 0
48.224575 1
48.392311 1
49.969601 3
50.305145 2
50.506687 3
51.865612 0
52.268417 1
52.805187 2
53.593838 3
54.315350 2
54.667694 0
55.573753 4
56.697979 1
57.151024 2
57.939720 3
58.526897 0
58.745537 0
59.030296 1
59.281990 0
59.517014 1
59.986755 4
60.746082 2
61.513611 3
61.714947 2
62.335781 0
63.107620 1
63.308983 1
63.544106 4
63.829117 0
64.852776 4
65.960106 0
66.513840 1
66.782219 1
67.151382 2
67.285606 3
67.856155 0
68.745934 1
69.668228 2
70.322922 3
71.195183 0
71.665230 1
72.252403 2
72.436882 2
73.208817 0
73.796043 3
73.997437 3
74.802925 1
75.071274 1
75.927238 2
76.598183 4
76.883583 3
77.118355 2
77.386879 0
77.740166 1
78.695557 4
80.037918 0
80.423882 1
81.111710 2
81.950745 3
82.420502 0
83.343536 1
83.964218 2
84.601845 3
85.524750 0
86.397224 4
86.816734 2
87.018211 3